3568
7038
9033
577
973
7879
7570
2765
9568
4928
6533
8525
9897
4468
2514
9338
9458
5203
5123
3739
218
1575
5500
5673
1497
3419
4615
8434
126
2041
3237
1850
3221
63
1685
3172
375
9235
4547
9226
4292
6317
3784
7323
3223
9753
5339
3920
1110
1920
6768
4139
6587
3979
6112
3602
1679
2009
4892
3263
4308
6815
8991
9683
6082
3832
4406
8395
3403
7604
6823
8530
7138
1128
1079
6504
7254
320
2459
4083
7991
7945
5163
4678
8078
9352
4145
7419
6192
9549
1163
9080
1946
3137
4847
5186
1030
6371
2002
8683
714
1186
806
5488
242
4700
8400
5683
9109
8122
7688
6382
9364
9420
7121
4168
6190
197
1347
218
7522
5711
1667
9707
9623
8764
255
5099
8847
8861
9956
2526
2702
2033
5164
5488
4807
4265
9139
5712
1368
7457
979
9603
660
9078
8260
9477
6313
3803
1717
6295
2102
864
822
6186
7841
2622
9786
9166
2049
6828
9029
8233
2691
956
6609
7604
8048
4084
4268
9820
5687
6597
5448
5219
4335
4493
4082
4597
8035
7658
4936
9286
4356
3987
583
9034
9655
5696
2529
5578
7542
399
7047
770
1011
3452
9160
5980
697
8061
6883
7073
2790
7648
5591
5332
9741
1441
7777
2035
1787
2651
6477
1344
423
7310
2509
6293
6391
528
3192
519
7797
2740
7735
8762
3585
7060
3797
2917
7234
8180
6848
155
2988
8024
7978
6920
4481
7812
7842
9887
8719
903
2690
9650
9333
2428
9480
7061
7461
4330
511
3724
427
8903
2927
313
980
7786
6171
963
7905
7606
5239
5280
8387
4795
9340
9364
6961
5408
7223
334
4824
4300
3703
9982
2083
2399
5451
500
8604
355
1622
5279
6179
1116
8088
901
5349
1608
8374
8099
6146
5455
4411
7847
2062
2493
9870
7928
2448
5732
4299
4595
7312
4363
692
4505
3186
4666
1294
4538
7057
5725
434
3957
5609
4434
3425
9635
9737
3812
3026
5897
22
3256
7995
9746
3526
3877
5314
8778
1652
2244
9694
3392
817
1531
4711
2954
5355
1639
8746
6879
2510
4738
2010
6742
2203
2802
465
2470
1817
1767
4428
5844
5614
768
492
4670
6764
1772
8657
2745
6886
1917
1281
4499
8130
6735
3315
3300
292
5008
9447
6593
344
8622
5850
6428
2763
2625
462
6668
1211
6494
9827
8096
8483
3554
7086
8733
7705
9544
4424
6302
7653
9956
2352
9849
1694
6058
2690
5102
6604
2034
8269
2459
498
9492
2910
2976
1372
7117
6307
1032
2817
1835
3069
1485
7770
8931
3157
4660
5706
2158
4723
8233
4477
2336
7243
3924
5935
2054
1571
3825
4954
5989
7326
3130
7605
103
9176
1926
6425
6439
47
6123
1030
459
2316
2350
2100
8850
1765
6047
9011
207
1675
2801
478
47
8001
2574
5043
6373
6109
8839
1908
2885
3098
9936
9825
9182
8738
2778
1500
1612
9739
825
6663
3409
6311
8449
7063
395
6590
9085
4084
1117
3499
2906
5797
1481
3193
8841
464
3825
8389
3271
3104
2739
1268
9941
7859
1672
868
351
4907
4326
8846
6063
8976
510
7899
1174
2861
1503
6742
6059
5519
1448
9078
6311
8641
9138
1026
7145
6667
3370
9419
5672
5030
380
6876
5300
6335
7496
3006
1403
7928
9722
4322
3251
5632
7426
2567
6573
7629
8421
4642
4658
2912
1381
904
8043
90
3427
2773
3273
6054
3305
5916
5788
7574
6581
8420
8318
4614
216
9625
4708
558
2335
5597
3871
7352
9838
1814
7351
5944
4336
3985
9024
1999
1879
2069
1298
1212
3445
4297
8810
2034
2727
8748
9087
7377
8219
4608
398
56
4289
3243
4319
3145
9892
2692
7390
8742
8766
7506
2772
2863
6970
6447
9058
1833
6543
2042
2319
2305
9678
4842
8660
3197
5622
8938
191
4
1690
1393
2441
8810
8183
526
4864
9187
6578
7329
8726
406
9867
2780
4619
2942
8649
7231
3395
7508
5271
2862
9375
7065
7901
2902
9280
2211
1066
3057
205
2173
8714
3776
4262
1500
2006
2765
6903
4519
7884
9151
1531
3298
4229
601
3896
6711
3502
7953
6311
5927
5559
1466
9978
9710
6138
7394
433
7846
4878
6528
4096
4106
5497
7665
4865
5534
7126
8080
8148
5179
1940
3667
9806
9130
3203
7621
5681
3973
7576
505
3686
404
7752
7680
851
6513
8251
442
1616
8407
5052
7853
1706
2539
6080
4184
4443
1961
4208
4484
5180
352
8789
4760
4799
4046
6827
7259
605
1226
1809
4907
7445
8399
2777
8428
7739
3410
724
9841
7485
5102
5402
9287
3805
5283
280
2485
3665
9611
1330
7095
3428
9113
7991
9480
2192
1320
4861
7419
1461
4724
2175
2462
1831
7946
1488
2102
5729
5619
3556
8799
8462
6214
3177
3771
9432
1918
9719
1172
8617
108
834
5104
8616
9312
6514
3764
4181
6140
2401
1143
7455
2804
5028
3666
9901
4149
3600
1204
2136
5992
8066
7547
3762
9908
7123
8567
2797
7161
6365
6003
967
9705
608
2524
6116
3199
9081
7731
995
6895
4094
5651
3778
3734
9523
8497
3244
3431
187
7282
521
4287
4941
8263
9537
6630
8708
7806
6418
2880
1785
3024
2306
6629
4740
8054
1675
255
988
134
3916
431
68
5617
444
6836
264
3431
5250
6280
5482
1565
5022
9728
9378
5045
1666
2368
749
6478
8274
4656
634
9415
2228
5222
2819
2529
8069
2598
3180
3989
2343
4201
494
7562
273
2635
1088
5543
2857
4307
6634
7984
3880
7899
4690
2126
5607
9382
8555
2450
5513
5955
2068
6171
6612
4742
8896
6592
3198
6884
4359
3654
7457
8046
4765
3135
2747
4580
8339
4363
7542
8682
5115
3543
3928
2787
6771
4950
6130
8399
3941
3307
4100
6737
1253
3178
237
7682
2400
7469
2011
7163
2000
1522
7329
8639
720
7383
2750
5560
8184
8919
1000
9572
7432
3482
172
2436
8623
7917
7856
3798
964
9498
2024
849
8016
5529
1296
9124
7738
1008
7920
8262
8529
5323
7767
5356
8612
3072
7426
5401
6504
7962
3783
2588
9221
9118
1072
6417
5645
6395
4798
1141
1501
3561
6891
198
276
7367
4722
1162
8076
483
161
6935
4139
2999
290
9635
1411
3991
5711
4468
5096
451
7740
9307
8757
2388
8128
4346
1567
2591
9487
953
2643
1173
4914
9840
8161
5978
5173
6577
7501
7964
1691
1864
2675
2183
1678
4514
3869
3902
4568
5760
7463
2644
2299
2192
8408
1443
2140
3539
5424
5165
3230
6486
670
1517
2194
6741
7569
3198
6237
4845
6872
2458
555
1593
2070
6877
161
7498
3802
1053
9806
4743
2780
573
7791
41
1154
3371
1096
1860
1593
479
8675
8116
8322
5762
8691
403
8589
5129
1223
5695
7917
6489
6871
3527
8655
6655
1262
7776
6152
9965
8490
8637
7807
5746
694
3853
3467
4870
7749
2297
7101
2215
4191
1598
9773
8151
2604
4201
1052
3807
958
2670
8781
8606
8980
551
7102
4540
4200
4791
2685
4666
8724
6269
9967
1617
5478
6254
6681
915
7606
2491
608
5154
9144
158
7152
5674
910
6593
8196
8505
9534
889
1410
2878
1927
6670
7876
3009
6951
4072
3318
6775
3250
2358
4126
5756
4761
8889
4360
4472
5270
629
5321
922
3420
1750
6628
3421
6046
7293
419
5137
1492
9174
7684
2788
5386
2736
7043
5849
2265
7950
7909
2171
779
2969
1080
3068
6117
8759
7450
2092
2146
9391
9716
3001
2793
6795
9578
4148
5236
9570
2472
1685
1285
9471
8042
6330
1984
4125
9331
3075
5212
8608
9414
8619
2213
7149
1534
9260
6635
2257
7929
7897
3274
4875
275
7411
5789
5239
3167
6916
2749
2719
7533
248
9632
7277
5879
6542
9130
8671
4165
231
4528
8962
7668
4368
4321
6729
5531
4230
5129
9326
9602
8740
7106
7591
1324
9547
4056
5423
9028
4865
1731
7585
9938
9348
2032
4204
1465
6531
8914
2361
8001
3980
9463
6804
4953
7651
1141
1764
5268
6943
2898
6691
1477
4867
5787
9441
83
702
6665
6930
8414
6281
7056
3644
2194
1575
2921
7169
9996
6496
2313
2070
6683
3875
892
2744
6328
9884
2187
5298
4298
5440
2493
9593
5542
7107
6929
9415
5036
3056
6903
1837
8137
9467
8708
351
2354
6005
1843
8730
8554
578
1221
133
4211
3313
7149
2259
9764
3808
4959
1280
9570
6187
4719
6736
9562
8012
8912
2604
7645
6566
6166
3340
6923
6541
9296
1448
8986
2684
9336
4197
4825
1727
8336
3299
5140
1137
5706
821
2338
4496
1473
427
1426
7373
8575
6201
8012
2549
9072
408
8528
6411
3558
8049
661
2904
8850
9867
3545
3454
8869
5625
1537
6484
9231
875
3108
8130
9655
2917
1516
5094
2657
3932
4900
6140
3917
7507
1287
299
3296
5823
42
2685
4939
5309
3290
8469
2925
4155
4714
7270
4947
3375
8119
6022
10
3103
8193
1849
35
4207
5656
4922
4427
8525
4900
7434
8907
7369
8483
4582
7864
3054
4904
3827
4915
9
3443
1351
5178
9022
7908
6712
3044
438
6812
5674
696
9878
1358
1024
5176
4717
2619
1454
3383
9023
6574
7042
6339
9878
6701
5487
4120
9184
4733
6293
872
8067
543
9453
7366
7376
9873
7223
8485
9729
2162
6370
8424
7365
3585
86
708
5044
1488
8776
2354
8838
2644
8789
6887
9915
6977
1419
1275
5030
7613
3371
3121
6425
4524
6835
4043
199
8272
3757
9050
830
7223
2407
1265
4875
2464
4626
3427
8556
3456
7725
5016
904
2555
7369
3781
6547
2919
468
9044
6815
7343
3765
2031
5840
4094
3626
7725
2915
9585
6355
6944
5220
6239
2922
286
8436
291
7417
533
1488
2318
7324
4639
5054
4922
2929
3340
6916
7539
2298
8511
6944
4123
3438
5436
4674
4149
2350
6762
4566
8451
6057
6165
3334
5574
9451
7988
8437
9190
9398
8357
6882
7025
9491
7091
4149
6555
4359
9948
2582
5739
1698
6383
4007
3680
9512
6595
3820
1601
6603
5207
5733
1154
9377
3094
8508
9991
3546
7976
589
3622
8371
3507
1832
9263
5469
2758
3560
6702
4032
8273
6813
8147
1074
7916
7699
1377
1561
800
9664
8585
4146
9907
6179
6941
5322
2862
6265
9121
3622
9707
6291
248
3922
7972
5327
6753
9049
4439
8379
3478
7976
8067
2898
3295
8049
9965
8171
9097
6056
9699
9911
3109
4772
2494
8370
8564
4606
5627
659
4233
7178
403
3103
4355
1693
2165
9026
5203
679
7945
1917
8652
1834
532
7106
808
433
846
5607
7056
1762
4029
3214
5824
1933
4352
9800
9315
2607
2361
4108
2910
551
6873
7609
7661
5399
9215
6951
3786
8573
7409
1930
713
2957
7443
4787
5602
4483
8627
4383
7556
2885
8744
5543
8265
9762
8435
3474
722
5565
1505
4692
9304
4884
5616
4636
8144
8358
9486
6009
8588
7256
6332
1043
740
5845
8370
5735
7668
8958
3342
1042
2734
3451
2849
2504
1954
912
5195
8436
439
4095
136
48
4478
6771
1466
135
3325
813
7406
8192
3812
4588
9709
5728
498
6082
2668
1500
4317
2030
2372
9875
3430
4458
4144
1947
1531
4628
8235
1837
2480
9891
5543
4139
1027
6891
1464
5437
7425
7256
3723
7073
2882
8358
9627
6584
5547
3627
1062
1139
6531
8934
9317
3167
400
3213
6128
5530
854
227
6045
5584
555
329
6946
4395
4306
6114
7572
624
106
7484
4819
5341
3233
549
4955
5851
8424
3590
67
3664
4760
4873
2540
7462
6269
7930
8079
2115
1726
176
8573
5488
6090
5517
4863
4898
6155
2239
5195
905
6470
3234
1062
6864
5965
6835
2807
3901
2607
4072
6659
2473
3301
7501
500
9162
4511
3300
5764
5913
9143
6685
6560
9922
9407
6076
9852
1119
4167
9765
541
8534
2639
8019
5740
2671
8573
5046
7744
7723
3147
8801
3607
7577
1493
7531
6617
9092
2336
1476
7761
482
685
3886
99
8436
5590
1130
9977
8589
6290
8698
6733
6679
1138
7671
1337
6114
1284
4228
1512
1523
1192
3276
8127
4411
8818
4216
3723
1933
1431
7527
2289
9288
8005
4376
7566
992
4038
1172
2735
7446
8574
3279
3406
4977
6026
3390
7257
2312
6035
5884
7337
2595
5597
9356
2233
9823
8135
2018
3149
3062
7829
5812
4078
7832
4354
6583
3855
6991
8785
248
8305
8304
2769
841
3723
3615
130
2973
5963
798
5000
747
6200
3661
1527
3272
8469
7241
7991
1571
2521
1267
2384
3165
1324
6223
3946
1298
324
8879
5725
8056
4367
2292
5300
3504
9176
3093
2776
8147
4459
9325
6793
308
1530
5155
669
7996
689
961
7417
5527
5325
6114
2951
9363
1004
8440
9363
8178
6607
4630
9216
7537
6881
5971
664
2537
3460
7827
189
6408
824
8195
7028
1362
3757
4909
5588
3182
2087
1191
8290
9807
3410
61
5379
3773
4195
5213
2060
6440
643
4377
4280
2364
2167
6282
5554
9411
81
6649
1036
8233
9327
8049
1536
5394
6415
2998
5157
5604
5842
3331
7596
1763
8370
9242
3730
4119
1669
9596
6701
4148
142
7998
2644
2086
2141
6538
8514
4670
5847
8025
9683
386
3570
9011
3021
5320
9338
2047
7003
4943
2702
8580
6012
7094
7916
7512
680
7282
6068
8252
651
1933
7933
6566
3069
8248
9884
182
3091
7182
8385
8676
7093
6129
2103
218
7595
2783
1470
728
9279
7166
7576
3549
783
2346
9184
3569
7503
3327
3334
828
1499
2853
4975
9994
1521
1731
2448
3284
732
3449
9792
1693
1329
6655
119
7825
3
366
5694
4402
528
4622
9641
3949
6653
582
9436
5609
5823
6410
881
5032
384
6332
8137
6712
4312
1475
7785
406
6667
469
9804
3104
7123
6109
2764
7722
3250
5638
1031
9908
1320
5175
1318
7810
6545
4942
4348
635
5924
4256
1752
2603
2273
8647
2348
2486
8349
80
549
132
6893
9236
6482
5715
8730
7953
2591
6663
2803
2587
5888
3803
2745
3054
8699
2247
8016
1054
7525
9007
7564
9837
8364
9379
7756
5767
7088
2066
3089
7175
9018
4973
8864
1139
583
8372
3539
2853
6500
9113
5697
7619
301
5859
9235
8207
4429
3734
5656
6398
464
201
8667
9487
8908
2647
6436
8654
5379
3686
7440
354
5782
8262
3099
9165
6086
9369
2831
9294
9381
6682
5092
8608
4475
9662
5040
6581
8212
1471
9604
5865
9308
8620
3720
7898
9565
8643
4420
8876
6905
5925
6001
6694
6490
6158
6995
5051
3657
4506
2035
639
7600
2758
110
2848
579
7972
5288
6488
4324
645
9006
371
8429
3357
2987
9653
5099
2298
4078
3889
4914
1041
7632
647
4554
2713
6177
7101
5860
1041
6902
6080
7163
9767
7213
5206
4956
9507
3805
4101
3801
4807
6804
4656
6206
4133
2562
2092
9327
3727
2385
2577
7319
9061
2771
7564
1643
4964
7406
8050
8360
729
9333
821
5869
6643
5351
2311
5563
5302
4748
7467
6394
3171
1070
7221
2597
6715
4939
4169
9377
9893
281
985
942
3708
6288
6139
6281
6971
9585
8000
1624
7263
5818
9138
4946
9389
4632
5115
789
5656
3228
4877
1471
1750
1803
747
1453
706
3704
9801
278
708
2248
4541
8366
7229
6690
3904
3593
5271
7942
1515
2829
8887
402
6229
2554
8092
2720
960
8727
6226
7577
7102
8917
1969
7457
5635
5815
8509
7712
5640
2585
7933
8796
8938
5548
5378
2321
7030
2523
6894
22
4127
3941
5645
1918
4652
8854
5156
1630
8426
5281
8983
3162
5111
6278
482
6777
7335
8013
6531
9210
4638
1741
132
6512
6409
134
682
4493
9266
4464
8133
8278
2482
6625
5330
8522
4110
516
7692
6957
1439
9788
428
7881
780
8787
8412
4843
4261
618
2151
6034
7956
1447
6295
166
2050
604
535
6466
2547
6110
3001
2603
2656
1754
6433
7798
5803
4043
5782
9043
9188
2799
1642
1511
8575
491
390
5275
4252
7909
5391
1502
5346
7160
385
8907
3806
918
806
5427
6704
6453
1116
3037
8865
7362
5043
5230
7761
2580
4865
8648
2157
1547
9507
4341
9779
7651
8718
7031
5530
5329
8535
5854
2594
1443
6118
7023
8472
7930
4182
7486
6895
6123
8597
2067
78
7782
9329
2889
2362
6706
926
4873
5196
182
2970
156
4468
1541
3523
2963
8281
9597
8407
4012
3979
5470
2211
5571
5596
1874
9817
874
3358
4689
7690
8834
6030
9650
7916
417
5713
6526
3690
4902
5581
6990
9159
1675
7389
707
3196
5553
8078
2204
1758
5503
7304
6533
8511
1062
2222
9580
9342
6103
3103
9108
3721
4488
5555
7493
5468
6667
4903
8392
8565
2256
9101
8485
400
3346
5405
4709
5370
7060
8145
1153
2171
5778
5317
4654
4403
4296
9582
4709
260
8707
2351
4207
3725
1329
4900
2581
9812
58
9537
4233
1929
7597
6656
9773
6770
4601
292
1373
3131
2171
9435
9065
3388
6361
3927
6537
9173
5918
5807
2097
9890
7487
8228
516
9387
260
3817
8252
797
3670
8184
5550
5997
931
9428
8218
7937
1259
4452
9944
3667
4193
3346
5466
9352
120
9709
1784
350
7154
7105
1058
4686
7278
6226
6668
441
7618
3624
8065
6486
4478
6811
6098
4642
2571
1635
8890
166
6733
2108
6276
9506
7076
6248
7078
5906
2968
2040
2941
7513
2256
1867
8533
3412
3995
5978
97
9729
1929
4262
1833
28
8940
5631
2040
6656
1833
8635
9587
1890
6270
147
9778
2962
4082
9114
5213
6819
3861
2639
7285
7235
9689
5006
2610
825
133
9810
508
8798
6636
806
8272
4002
9969
2026
8735
6029
9801
6058
1197
4335
2798
1206
981
8209
8709
2322
6701
7356
9332
4587
2525
2471
3572
2679
416
9210
5280
8474
9288
3783
8219
7915
7955
7732
4942
7493
375
8555
4646
3391
2760
282
6825
9658
1432
1518
7891
9472
2149
7068
355
4348
5773
3686
6081
2327
475
9174
7742
7263
6729
197
1255
4857
2643
9035
3850
3190
9033
6388
2442
2363
6029
8259
9127
8847
5516
4206
7709
3861
5062
778
5946
3200
2618
1114
1310
7262
9818
3092
2473
6068
8856
1856
2920
8434
9346
444
8243
1148
1975
8884
5380
1770
9599
7001
4738
914
4674
4570
2956
772
4527
6427
8679
7703
5519
4660
6633
1063
2015
4938
8269
978
9693
5646
2839
4527
943
2936
6523
9890
1556
1514
750
6637
7568
2048
8675
4783
8374
1744
3187
828
8282
2079
8932
5329
9596
6725
30
6450
8706
5690
1539
1565
4620
372
5651
5279
9189
3208
4161
3428
2073
2395
4646
5873
9526
7952
6783
4549
9975
1162
5863
7976
5245
248
7660
8506
1439
6976
7691
7031
9007
8247
26
1458
6987
1337
2775
6881
4984
6060
8705
7744
6760
8879
1956
328
2209
2667
8602
6191
3760
8434
1258
1867
4892
4482
6267
7000
2962
4466
2090
6477
4046
9199
2793
8291
392
1153
6103
2947
3618
6607
2436
6972
6157
6079
7597
1591
7240
5908
8097
1958
229
1095
8058
8251
4824
6552
7505
2011
7768
9788
1977
715
8928
8637
4096
4317
5159
5251
1570
4522
737
5046
965
1021
2737
9323
6523
6628
7901
1157
6604
1014
6392
5780
8732
6933
7074
6046
2207
4197
5932
4264
6180
6877
8871
9302
1760
1130
583
7541
520
3457
3412
4249
1614
7400
6671
7526
9052
4925
4463
2419
9802
155
339
9536
4356
1987
7307
5219
126
2226
5145
7759
4686
374
9187
8886
5511
6159
9412
3302
3952
9146
8285
4771
1792
1528
6351
3586
9015
353
5726
517
2692
4324
8783
6595
123
6058
8579
517
3070
9767
3065
8111
4703
8057
2623
7698
1564
9010
7767
1113
5780
3468
2662
1196
2552
1222
3342
8031
3762
7825
4396
4258
6242
7915
260
1250
568
273
9086
944
4874
8816
4706
6955
8341
3084
8571
6873
958
7174
2340
3885
2860
7147
7259
8711
5070
5660
3707
8419
4423
6404
5871
5915
4540
5451
7631
9802
2915
5992
1469
7507
6072
3211
4672
5649
6146
9366
5743
5222
9561
8206
8291
112
8522
1315
1176
5631
1445
1602
7787
5530
6841
7146
6831
8703
140
7015
1440
5832
3012
2875
3185
7273
7658
3282
3565
5854
9480
6681
5633
2360
2916
5116
8657
176
6192
7917
2846
2443
9925
9258
5101
1003
9788
6632
6086
7509
5051
4201
5751
938
7240
1000
8801
5289
3866
6746
1129
6685
7409
5811
1197
8919
4073
3995
853
3075
7208
191
9533
5698
4626
6749
3260
400
5588
8162
8186
2107
826
6827
9335
6044
6859
3830
8478
4473
1292
863
4243
642
7013
6974
1505
956
1522
7539
7222
6357
4770
1135
6846
8499
9455
6749
7057
3389
1584
4703
504
3081
4954
685
125
9884
1217
1543
2342
7552
1988
2466
8121
4536
5481
1187
1578
2095
184
9116
8469
7522
7775
8357
8198
2128
9107
5482
593
2516
8884
4895
400
7673
1935
4131
1866
6579
440
2650
9362
9326
8302
8518
7197
9392
5702
1308
5761
9925
9917
8898
9302
1092
6552
5832
3070
38
8998
5911
7824
6688
9236
4530
193
9893
9988
2719
1652
8489
1640
7862
9640
621
7996
9814
575
6240
2998
5784
3004
8476
9964
7979
6457
6073
9918
2720
3189
3362
1005
1785
3116
3299
1941
2024
6741
3827
4318
7395
6704
1913
7713
1588
3107
6590
5493
8417
870
5273
5280
3252
2626
8699
8833
7289
4978
2979
7847
9523
1345
1749
4373
3664
5719
8053
3851
3391
9312
1973
6798
1214
5093
6002
7731
2531
6526
1773
7507
1973
3891
874
5414
7065
6943
6907
8829
4313
8211
6497
2217
8410
2561
3451
2867
670
963
1214
869
5810
9806
691
2812
7950
4944
4410
9701
3992
4301
8955
6043
3641
1499
6607
4689
2135
4192
3723
9697
9979
3044
3384
520
9401
7678
291
8523
7398
9915
4557
879
2288
1573
7570
8573
641
4915
3554
5252
5727
1064
508
2436
3173
5522
2290
6216
6556
8846
7731
4206
4975
1700
1308
9818
6535
3134
9680
6531
6213
5578
5207
710
1011
7987
692
2286
7072
701
9274
8657
9830
8036
6278
2246
2588
8858
8494
2603
5390
4078
74
4718
2535
589
5153
7265
4849
6936
8507
5316
6197
5143
7533
4073
8484
1875
3689
3022
5972
9246
7922
5589
4960
7508
123
2092
3417
9905
7608
9503
8455
2891
6299
9701
1192
7004
3253
9687
6901
5891
5994
2296
176
282
402
2164
3487
8460
533
5955
4203
5881
5331
4759
5747
6912
5549
6803
5917
8584
2888
6392
2967
9232
2132
3309
2579
8095
1029
8522
5538
8956
4399
1426
222
624
2760
7482
2321
5434
7370
924
3407
4018
5123
7270
12
1645
3208
1727
329
5936
9130
7789
2006
2
4438
7112
3408
594
8669
4857
6745
3760
5606
9131
1548
5214
6735
3975
4792
411
164
4876
8573
508
8312
8713
9356
6537
4026
1930
8115
1791
8429
628
9820
3390
5031
708
7277
9529
7246
3970
1300
1598
3747
3711
4223
6906
6658
8953
6447
6431
2971
7809
3124
7374
2826
8668
7643
4184
9023
1096
9394
3098
7022
5057
4397
7422
5058
4495
7814
3585
9732
131
655
878
3344
9306
4896
2432
7748
1099
8176
339
6162
7475
8793
930
8020
4892
3156
7514
1248
488
5985
3493
9238
4601
6265
2011
9499
1154
4281
5079
2559
2500
8600
6648
9335
6996
643
3359
2595
6212
9149
2623
9837
8203
5203
3139
4664
6203
5031
9331
750
3604
4398
746
256
6137
3452
8246
2523
4263
7072
6685
5358
6499
260
2959
1172
4704
9382
441
7413
7992
9440
8131
4351
7540
6950
8477
8216
4708
2461
5113
5059
2414
8799
6223
5702
1522
434
566
6133
5961
6758
1096
6419
988
1741
1990
6093
9033
3581
1736
3509
9902
1365
8384
8791
7232
998
7613
5110
6196
9697
6544
6939
1700
2088
6464
1102
1517
3365
4547
4426
8174
7431
7361
301
3283
5481
5594
2622
1701
6305
4166
8343
1185
7221
698
4515
4147
9133
9983
9621
8578
3091
9686
7809
7061
4753
2018
8521
8283
824
4784
9227
1943
5325
7360
8193
9310
7116
8691
2992
3982
2245
2186
5504
2772
9496
6944
4371
4690
6309
8622
7539
3643
3958
2541
9342
8875
4705
8252
3219
1942
197
6223
9427
9150
8832
9291
6505
1950
7025
9718
5611
4089
5573
9385
6428
9549
7434
8619
8780
6941
1810
3893
9019
1470
177
2128
3194
5931
760
9405
2232
5542
2170
1623
6651
9980
4059
534
6278
8380
5358
9355
4368
2992
2530
6826
6927
9854
4424
5328
2823
5663
7452
4562
3888
456
843
7571
5279
1652
9620
2523
5257
4554
6463
4738
1493
2968
9208
2956
1334
6410
1162
3529
8136
3676
2654
4078
3938
4063
4681
4286
7626
2552
2506
5329
3872
1887
8744
9138
2803
6042
2916
1453
9432
9664
980
484
3343
3343
3946
4743
3263
6747
9439
2366
4092
2497
7385
7048
2137
3724
509
3902
4913
6181
5726
6204
370
5996
3824
9647
778
8015
110
7465
6537
6545
659
4877
2894
4330
5105
766
9515
4734
8242
1103
450
5828
7308
3177
660
7988
7286
2872
9826
507
9276
7293
1603
1957
9694
5799
3272
8164
2447
6718
8687
8167
9702
3131
1030
1028
7488
4699
4595
8222
5549
1563
670
7837
4106
64
447
5253
9061
3795
4295
5741
7532
8370
3372
299
1298
3492
772
2198
4076
350
5011
8651
3231
2533
3684
9639
6288
517
6066
3989
8943
9691
6759
8979
7096
3540
9009
5931
6652
1928
7502
3199
5286
4667
474
5121
2234
762
335
3949
8356
2013
6899
185
4041
7627
1484
6866
6334
2195
8876
5294
4974
4899
106
7464
2537
8404
8841
7860
9492
6031
4447
7734
1634
5893
5456
6869
4953
6391
4364
7595
341
9189
6557
1690
3720
7333
4405
8035
1286
3637
3717
6495
4796
675
5437
3984
8594
2088
6125
5002
7338
3028
1480
4040
6009
514
4076
732
7814
5161
2613
3026
871
2238
4145
3844
6239
688
3579
8156
7261
5665
4364
4970
1318
274
3900
7322
3729
7681
5267
6643
3391
5443
9756
2984
7075
6708
4886
1861
3640
74
7692
1501
5371
4459
6402
3059
7158
3459
750
8455
1324
3562
9818
7470
5049
5868
124
2614
8924
160
7794
528
5305
4785
2242
4569
9518
3885
9976
2105
5794
7519
5218
3093
904
2333
3109
1408
6289
4414
1768
7410
5737
1866
4030
9439
6101
4409
3481
5951
3260
2560
2767
2216
747
9143
6085
8229
4352
3850
9951
6463
7098
3811
4003
8635
4211
3025
8671
2416
8740
1209
8943
3236
1375
5508
9903
4369
231
8606
4749
403
8639
8586
6123
9470
2773
9867
6689
7820
5197
9855
7541
8775
4515
8776
3770
6320
9046
5065
8329
6354
9447
5809
7691
8119
772
4408
7042
6113
9010
1025
637
9523
409
8419
9033
8478
4865
5172
7030
4475
5762
935
4541
623
8697
8629
5948
7398
6437
9890
5963
9874
8227
1431
3611
2945
9040
4084
6178
7585
1496
6011
2676
8754
8368
980
7483
2725
1278
8615
268
2383
958
7129
1399
3112
7124
7255
6198
7650
7081
5626
6502
8832
4139
4443
2670
2399
604
9183
1237
9082
2940
6062
7091
254
103
2509
9857
2092
2847
3380
978
9948
7277
4199
5541
4556
5637
7078
8244
9539
6946
402
6875
9444
6142
6013
4012
2153
5063
418
4825
7490
1905
2786
6894
1092
1188
5606
7449
3381
697
7045
5822
7066
2143
7790
4896
5359
2612
3461
3880
7580
1430
2990
6415
5364
4625
5786
3774
4704
6474
7147
1262
8781
8085
7141
4141
9719
6620
6185
1149
7169
4438
9869
4156
8735
8811
860
6396
5371
8318
8352
9527
4735
6652
4706
2640
6380
5546
7200
1981
7144
257
3433
5556
7426
7364
385
9926
3762
2150
6208
5031
4801
6342
5043
7923
5130
8270
3442
4383
4470
9242
4110
4349
3075
1259
894
2855
861
7414
5469
6639
9717
3029
3242
1539
3532
5263
4644
1230
2116
4763
7169
4729
6023
330
2261
6011
74
193
5256
5314
9325
7345
207
6901
3172
9651
681
5932
4298
6092
4146
7298
6116
7050
4842
9479
4971
8936
4385
2818
7933
7028
8659
9948
9353
1819
3641
6630
8942
4482
6998
5658
4011
5154
1874
6548
4248
8560
1489
4108
4237
4611
2784
6363
5081
2278
1868
3028
7404
8081
6984
8519
7898
2669
2241
3093
8896
7417
6364
620
6248
8306
610
189
605
5125
4338
7673
1906
1376
4928
7187
5221
6562
7468
5830
9898
7551
4317
977
6999
9146
8658
6976
5058
2779
5909
7357
1325
5306
9877
1961
2749
1394
589
7216
9692
8080
2028
2728
8929
2612
8188
1613
3060
8229
2413
4349
3892
7293
7492
5820
6006
7892
2796
6227
6780
878
4233
7914
3452
8288
9094
7146
5280
6863
2112
6316
4116
3417
9560
3758
3162
4348
896
4315
8839
6088
9463
3556
7947
7191
9199
13
244
6346
7480
9491
2935
5300
9733
8354
7199
7558
158
913
408
6561
6563
680
5749
8217
5831
9249
1362
3302
616
7372
750
6461
571
6262
1492
7553
9986
9258
5916
1625
4515
8278
492
5007
3334
1398
3903
7549
6175
8235
1065
8496
1676
7278
7683
2382
5270
6193
6437
183
1802
8372
3544
9575
4746
9223
6778
3409
1798
5056
9455
2851
7300
8161
2300
6171
4755
2254
816
7953
8132
966
1107
9174
5116
9310
3160
6445
5464
1521
2711
7714
1563
8848
9005
2567
6591
6003
8583
2722
7170
3411
5588
4439
1924
4643
2302
7036
5716
4960
3823
6349
9876
8810
7510
9110
3958
4893
8760
2102
4053
2886
2583
1367
8996
1814
6491
4076
6315
7692
6636
5141
3716
3452
2986
5845
555
3526
9927
3077
7097
9214
6346
4944
7277
8060
2610
5916
3818
7043
7429
2486
559
5461
8769
7036
1466
9762
4856
2184
5441
9349
4083
1364
1742
1232
4133
8393
7402
3937
7248
934
4681
8254
1836
4297
481
9136
9226
9366
4808
8539
8865
9958
8182
1198
2090
8686
3439
6543
8200
9458
8468
5432
7882
6895
65
4588
1984
404
3023
8324
1716
9801
7479
3854
8650
9513
9205
3744
676
7020
1824
685
1654
5893
9546
3989
2925
9982
1938
7200
6858
2624
8997
2848
1399
592
7435
6135
1510
3505
6386
4824
1726
7061
1782
7292
8844
6939
2512
6128
3862
8505
1034
1826
6571
6481
8967
8604
2271
5814
8349
4506
8055
8316
7706
8449
540
9266
7047
3288
9463
5754
6001
6152
2425
4928
2782
8712
9944
3441
4912
1046
4070
4759
1338
9012
6090
9831
6098
677
5473
1477
4612
7940
1705
4485
9254
5435
2435
535
1568
39
6844
3032
9698
6702
3531
1790
6811
3126
3537
7009
9825
3998
1110
6280
8770
9195
464
9821
1611
7148
9839
1429
2014
8953
1937
2086
1633
671
2063
1832
635
4609
2179
3179
1743
6775
516
6633
5277
7573
9284
4162
8547
8559
5255
111
9307
321
3480
2722
5779
6759
226
5291
6195
6557
6754
9799
4828
3657
1942
8709
9675
8275
9219
2739
249
7552
4002
9967
4568
848
7587
8473
9162
2089
3481
5902
8759
2441
5258
9047
3630
6701
5925
7383
6095
3503
8450
2659
6530
4878
7996
9638
6650
8258
1554
9233
962
9377
9893
4128
7799
4771
5738
8946
9790
8942
2782
3773
1426
8088
8944
8759
3921
1775
9177
6460
704
3339
9657
1100
364
5100
5118
4716
267
6088
1930
4041
5647
3893
9432
7336
2156
8556
7088
7539
8168
7258
2021
5579
643
6381
9177
6784
4242
7029
9763
3538
8811
8963
8364
9106
3816
8659
3719
5674
9092
2903
7294
7889
9814
4422
6937
4287
569
5997
3973
5593
9522
3258
1011
7489
7995
864
5588
4169
8292
3769
1851
2908
6090
427
8887
6428
7309
1780
5489
2129
1636
8717
4377
4906
8829
5091
755
6505
3507
6188
8820
8349
1353
801
4295
5075
9762
1721
8218
8097
7601
9214
91
6352
4919
415
1773
5260
8913
8819
7498
6478
5913
116
586
2659
8488
4123
730
529
9425
2780
1503
6399
6420
3878
6560
6966
2373
1958
9477
4250
3910
6946
6668
9371
4535
9403
1877
1547
5036
2362
8545
9978
3605
939
1202
9702
10
9527
8168
1283
8110
1382
4560
6547
563
4215
8010
4391
2801
2873
4077
2800
8842
1925
2526
8397
5994
1441
9747
4647
488
6787
8440
7039
8600
8251
385
7958
4729
3102
1561
2864
8593
2419
7125
4729
3739
2262
263
3466
3007
4517
2452
8615
6407
6695
2132
8185
2318
672
3529
1349
7554
6173
9255
4093
7727
1109
9603
9321
4002
4837
6087
9791
5929
3591
6090
7379
6390
9042
8158
8742
3555
4131
5940
2996
3447
2116
4327
6957
9527
2563
3242
24
1167
3754
9869
5386
1183
6387
200
6985
4463
5437
4674
88
6379
2802
221
4256
8554
2070
5624
6900
8193
8104
522
5673
2056
7899
1881
5226
4930
9268
4266
635
2350
2928
4806
2977
5531
968
5191
4826
3429
1009
6918
4547
1634
8741
1636
6582
4883
9466
2455
7051
5896
7600
2574
3239
2414
9733
982
5977
997
5854
5834
2317
4145
1018
6155
5595
3851
542
5957
3750
3041
2577
5224
9618
3622
5284
1526
4055
2413
288
278
7620
2236
4728
8855
1188
7641
5893
6347
1754
7494
5344
7772
2709
8727
7716
5731
2316
2630
7097
128
1873
3089
4861
5730
6968
9535
2227
6499
3697
9150
6715
3441
9076
2122
6198
3094
8176
7633
6924
1823
7635
9890
6596
6562
4961
9874
8287
3776
1868
2952
518
7893
827
5982
4362
6421
4452
5472
3470
8229
7777
4154
5802
2516
8078
5356
9759
5185
1266
9121
5456
3557
2700
3722
5478
6167
4182
7565
2528
2448
1853
4550
9819
4715
9459
5962
2166
8550
5685
8804
9469
519
8487
2109
4455
6331
928
8629
8735
592
2929
3302
758
3709
1801
5725
8990
1863
6644
1601
4988
1544
2209
8598
9160
8922
8505
5104
3920
7378
9785
9230
3371
9467
6546
69
1375
6249
1372
5860
2506
7882
4214
1583
650
4121
6637
6810
9750
752
9728
8855
539
3959
2835
1623
2668
5368
2358
6342
233
7020
1684
7022
9578
6728
679
9075
3319
2981
1344
4314
6620
7649
4850
2222
9601
820
9905
5183
6689
81
4664
3288
609
5935
6633
7666
4385
9073
9447
2091
971
1629
1668
9694
7424
1882
5966
5417
879
8558
7936
6057
6624
8775
3930
1705
926
1990
5447
2851
6690
6619
5161
7616
2248
4619
9857
267
4736
2243
5444
3767
8923
8749
997
454
8602
3325
4428
9871
3508
2445
1730
4591
2379
3833
7911
765
8350
4516
1578
5827
7661
9654
5716
7670
5781
9790
8844
9759
3682
330
3412
2243
5936
7018
9755
2459
1373
9421
9747
1441
2891
4262
9137
3849
151
3215
7679
8147
9482
7957
5528
3845
8651
3669
6402
3839
6239
5284
6746
1195
2857
8966
14
3682
6157
7048
957
7207
3065
7878
3426
9284
9788
9545
8841
9394
6639
1154
5697
3384
1480
4685
9998
4202
6688
4985
724
6866
4820
4
7539
6029
9017
12
5092
3327
9616
1872
1805
3430
3977
2250
9418
9711
2679
3534
765
7719
3795
3634
1058
9205
597
2439
4375
7481
3832
6992
350
8366
6110
5026
564
9613
6102
8453
1532
3874
9761
1267
5997
6877
5975
5724
4277
3456
4126
5591
4380
8098
1867
4907
8380
9320
4987
2936
4571
5898
3255
7267
9389
8868
9884
8485
6867
6903
2166
8856
4555
7669
3577
775
8664
4428
7535
7818
6272
4841
2506
8444
4556
712
7690
7189
4135
6017
6938
7539
1708
457
5620
8065
5572
3411
3321
7162
6998
6064
3877
4649
2673
9347
8624
7446
1968
4856
386
5212
5010
5885
3289
3377
4558
9059
6352
4918
7273
6750
2181
3857
8830
7551
3020
3487
5385
806
7426
9330
7516
5084
2631
810
2445
9141
2587
8447
9961
1513
4770
4414
1113
6832
4656
1176
5318
7189
1685
5728
5457
9091
1953
8279
4401
5712
6486
384
7973
4011
7062
8542
9406
6862
2610
2858
5924
2110
9130
8245
1707
8572
8617
378
9168
5945
1327
4792
6091
2552
3594
9235
178
5245
2161
1250
6817
1833
8220
3570
5095
9331
594
8151
6251
2002
6168
2562
6570
367
195
6936
3621
6437
5302
9719
5272
3789
9811
6288
5401
2437
7818
708
2368
1203
3652
9866
5921
4294
8730
464
2985
9047
7475
5254
7008
6507
4583
788
5308
6134
5457
8106
8936
4032
534
1195
8775
16
2169
5376
1153
866
4884
2673
9308
6920
6769
7298
7963
9753
9403
9648
7589
3518
6982
8249
7276
8266
2213
2817
148
9722
7876
17
5209
4055
7054
227
8078
9128
4567
8552
7750
61
4317
3729
3508
5610
4218
2141
6827
5406
8443
28
5010
8076
7564
4797
8359
1641
3966
4790
5030
169
4383
2332
1571
3025
654
9725
5280
6484
9806
6477
751
9310
9532
7448
1778
8315
2257
3186
5821
2298
9465
3598
5750
6661
9928
9817
6358
6162
2260
2151
4116
6198
7105
3554
202
5413
9389
5888
1292
7692
8721
792
4755
1049
1526
1794
3051
9760
5013
3223
2967
9135
5335
9308
8343
4422
8978
3145
8413
3413
4002
9857
5871
2652
2983
41
5233
4248
9392
8778
2445
8494
1863
6389
5447
9456
2729
3952
7858
1179
9493
8452
5632
9704
7734
4142
6952
2678
7633
1277
6132
4009
9223
4146
5079
9860
5096
986
2348
5223
7909
5707
6280
112
8484
5770
3693
8631
6413
7809
6449
1263
8357
6575
8844
2789
3753
836
9243
9954
700
2588
6762
4455
4197
9158
3941
3012
2525
8233
8743
356
2207
3658
5940
3041
8114
5225
5300
252
6354
695
2040
6739
6209
8926
8901
7890
868
2091
7130
6257
2118
2648
2162
2666
2978
622
7380
7509
9218
5843
3734
562
3757
6892
9361
7586
2197
7183
8921
5823
4849
1071
3174
2674
618
9393
656
610
4299
1155
9515
8106
4561
4120
8906
9802
1654
4395
5641
9439
6025
4796
3655
4023
520
359
687
475
3865
3978
6925
6900
3147
8514
7640
758
1808
5666
7179
9357
8255
3058
7819
418
2562
9625
3304
554
3202
8515
5238
5975
8231
3665
4769
478
5711
7581
4378
8249
1861
4903
1671
6448
3703
3597
2127
8624
3324
6346
9020
3625
451
4346
9408
1098
6353
951
5544
9504
4201
2539
2774
5539
570
1368
6900
5548
9084
8314
9205
40
785
5148
4847
9936
6605
6945
2480
3259
3252
4497
4953
3269
804
4238
8707
2122
5558
8499
4459
1365
4973
3816
6891
3898
7015
7011
733
7163
959
9835
4759
5968
8030
8443
2893
137
7126
5692
4848
7414
5004
9505
525
8051
8350
9928
8642
6819
8989
3102
6830
1688
7875
2966
367
6868
5622
1222
8883
8162
9559
5862
3512
3780
9811
9458
7863
170
9412
4074
5625
4460
236
2105
4559
2351
7017
310
6787
4050
208
8179
5254
433
132
7358
2787
5695
5160
2415
6548
5836
2412
6913
2557
1688
9598
2868
6683
2374
2673
4039
2149
4834
7715
1610
6669
8183
4377
9026
6615
8109
2706
3146
3704
4189
3370
3107
7707
5355
6518
5222
7437
1650
6729
4667
8224
5091
6727
9765
9751
1556
5344
5862
9329
8078
2425
4755
4866
6460
8748
4276
6900
5473
3794
5335
7683
214
5006
9367
5662
2737
100
3192
2199
4829
5991
8337
9279
655
1459
5520
6150
6659
4189
4243
1463
8311
3056
8105
5058
9875
7766
8656
496
8617
1342
4783
5901
6844
8308
6496
8802
3841
6408
469
3755
7506
8523
4216
53
7602
3302
6406
9299
6996
8452
6119
9603
3184
8347
636
35
3527
1620
3956
5139
6320
8178
6928
3135
3161
2647
3174
8755
7736
4872
9217
1254
5278
1116
769
1599
4426
6716
1331
310
2871
9542
4252
9492
9526
7946
1813
4574
3815
8523
780
1614
7389
4221
3737
1951
268
9840
2825
5943
8332
9168
1842
1061
6094
5313
2858
9505
6656
3252
3834
1492
8643
1762
1771
3798
3666
6391
2465
9043
8033
1230
435
6174
2358
7779
5403
349
963
9731
7547
3812
1811
1660
2139
2244
3335
6712
2482
1487
9997
4305
1241
8860
8792
1325
8377
5825
713
7304
9366
2869
3641
5909
2580
9933
5443
6202
5990
1624
9539
1041
9311
8512
1424
9187
8130
7452
7770
5905
2992
6026
3627
4296
3579
360
1984
5528
908
4272
4739
5384
6984
1109
6565
8688
7329
939
8335
8887
1174
8497
1520
4792
8931
5866
4348
7084
7783
9022
527
3959
3917
3562
1862
1298
4820
229
836
885
9152
5100
9233
2790
4734
4341
1305
1536
8737
6383
103
2286
94
5520
5013
4809
1927
5529
7987
8509
7106
8233
2848
5841
8437
5055
6604
4644
622
6557
1387
1584
3933
3510
4671
3539
2824
7489
8065
6835
844
4480
587
918
6251
884
5613
5035
9076
6383
2442
9265
2139
6476
6012
5310
6348
5771
2
4928
6007
7779
1300
3577
9288
1950
2440
9490
1732
9563
7503
9231
7079
8739
4489
6755
6428
4941
573
2918
8646
3617
596
7530
4811
4952
2834
4560
3188
55
6764
56
2600
5292
7299
5371
7637
3362
2430
2419
8511
6644
326
5264
3073
6199
4158
8160
8965
4936
8575
2580
5539
5818
3193
3520
3862
1029
9615
2574
6412
5149
8758
2891
6729
7806
6711
5711
7126
8511
3498
6591
1555
5593
2603
6545
6137
5686
5978
1266
5511
5733
5344
2579
5689
392
6729
3239
5320
1737
2286
4938
8271
9337
658
3347
4188
3591
2307
2328
3273
8000
746
9053
8845
8605
6049
7090
1780
2867
9437
9278
8614
5609
8158
1364
6750
7912
7429
8961
8253
7079
7133
1930
378
3985
9753
5253
8835
9070
677
6076
1044
6882
1027
8564
3500
7816
2844
2519
7467
9801
4513
3494
4428
9225
6913
3373
4886
4372
8771
5236
845
2100
8807
39
4874
1217
6566
8973
4476
4395
9979
9850
5242
5110
2929
4373
3218
8989
424
6789
6660
2923
3574
168
4903
3672
214
7108
3654
3036
3879
3592
6227
3664
2298
9423
1382
5520
3639
2718
5954
5756
7848
4258
7084
717
954
3292
9453
1004
5011
1124
8086
9433
2290
4245
2326
307
1939
9261
7021
5005
8079
1369
7663
1223
9159
5701
5695
8900
7420
5779
3052
5704
4511
6408
2915
6988
5870
452
5432
1387
5182
5044
8484
1421
5188
3457
9775
9461
500
793
5065
9040
3505
4820
8256
4317
1711
8674
4608
3310
5353
1586
5816
5896
4882
4124
131
3239
8858
3839
1896
8344
9966
857
6874
8401
4979
6200
486
7170
9698
6166
7317
8361
6121
4987
9593
3957
7023
5705
6706
1376
6907
6718
8142
5552
8916
9701
6635
3166
7233
5083
9744
149
4533
1551
4199
9886
8849
5375
2718
2451
843
7829
652
6964
4592
7620
3756
3470
7785
8015
3932
6869
9074
9071
5949
6879
4563
9131
3632
5864
7968
4404
6060
314
1421
2451
6023
6473
4468
6758
5324
2751
9048
7928
543
8958
638
5543
578
6347
5857
5081
9681
165
7695
6134
860
972
720
9794
7280
4773
9474
5775
6733
2691
3987
2958
332
3196
8991
3856
4431
9552
196
7144
5627
5490
7924
2360
9198
7660
5157
7463
4018
276
6093
5997
1530
1433
9899
8056
8437
1599
1370
1511
6746
4519
8516
3846
1232
7100
7510
4475
6251
666
683
1564
201
7644
8722
6852
6252
2616
3621
7554
2653
8865
4695
8346
8231
5766
1589
9369
186
5664
7996
7231
3414
5158
9379
1726
4394
9559
6281
1888
9141
6091
5287
6601
1687
2157
6283
4729
1245
1118
3006
6001
5824
1264
1569
6238
521
4297
1996
9089
5649
3872
9234
3007
6456
5243
2178
2708
5164
9066
6209
5251
8796
4586
9431
8858
1160
675
4238
8593
5800
7701
9358
4529
5044
1695
4059
5536
5496
7090
7502
4636
1851
1397
7502
4731
5491
8408
3143
5015
5916
637
1982
2238
630
8123
341
65
247
4023
4750
5326
7710
348
9099
6337
5027
561
9345
8436
2895
9663
7665
9596
8161
4906
8449
2338
6888
9447
3309
8133
6245
1534
7039
6900
1137
2097
485
8693
5601
7284
6813
9505
9058
3629
5118
5296
4115
10
6758
6265
2534
1529
4607
7976
9266
8163
8703
1767
1700
485
1005
4303
1023
658
6557
2228
2731
3094
4622
9491
1933
965
839
1167
9531
6395
282
3132
6902
2485
2544
6865
4388
2551
7260
8644
4285
4307
5888
9039
407
4403
5602
2588
9064
2950
6578
3395
8323
2470
3550
8906
4416
4727
3828
7344
8209
4160
8966
7560
8024
1059
9264
2908
8
2191
7296
359
990
5044
4683
9567
9976
6676
4122
1949
9049
9061
9140
5079
659
3526
3448
5594
469
3896
1202
3572
1386
3714
3103
3784
32
7162
8375
5517
2380
114
5328
1487
4677
2421
9581
6936
1737
2727
6934
5710
5870
2182
9491
5420
6111
9741
5002
1334
1727
9305
1088
4732
9279
7813
8762
7080
6051
1638
4897
4315
758
9060
4958
5293
2081
7478
404
6845
8742
3764
1781
3677
4347
1709
234
6314
5674
6702
5946
7621
1490
4858
5751
8189
6876
7897
2629
3315
3519
9394
2338
5033
144
3823
4278
111
2258
9551
1115
1135
2489
305
8044
7291
4567
3215
1990
4325
6272
3807
3165
9831
6435
8630
157
6122
3991
8408
7876
4902
1276
1632
3502
7652
4974
9763
2953
6663
8764
191
1727
4271
3258
3271
5345
1676
3457
1958
3321
6470
4617
4211
2299
757
6700
9910
7227
4312
1598
1742
272
1988
6269
7107
3686
5247
1516
3483
8020
9504
4499
3405
1940
1218
5807
9561
534
7577
5424
9537
1217
5766
4879
6880
1757
6607
7650
2219
6147
674
6651
3578
6043
1397
5636
977
984
2710
409
1469
1774
2294
2641
3237
8218
245
7200
8277
9984
1690
3885
2006
9085
2542
5895
8353
1130
3617
8970
2707
9057
3540
6403
1861
2843
2138
5390
8635
642
3320
1400
5396
6241
5390
1366
9346
5326
6743
4399
9966
8172
5032
8458
7464
9174
5916
4347
7180
7419
2261
8055
4099
8308
9397
394
5308
2014
7261
1894
2685
4225
1660
1735
1820
3977
7486
7339
2793
3865
1552
3605
8081
773
3786
9113
8683
2141
3530
6308
3426
7457
4103
8731
8334
4430
9492
2429
3263
1845
905
666
2391
2775
7769
918
3356
8963
2277
1748
8546
8820
3072
6055
2640
7450
4822
7055
5419
361
1543
9749
4484
3398
6405
6867
7078
6231
4122
8722
2455
5918
5662
4634
4184
5273
4940
7192
3213
4012
8681
2835
2818
1016
2181
911
9404
433
8617
3244
7064
2592
2477
6972
2822
3896
7569
9731
1875
4182
7114
9489
9150
6137
2529
2297
2042
3558
157
1678
4393
9608
6253
7476
520
9632
2243
4029
4529
7062
5622
1698
7801
1881
6733
7910
9842
3078
3014
6676
7415
9725
9254
6030
1852
5197
1434
1048
5545
6339
492
7749
767
1367
2190
3576
1728
6755
3868
6955
7432
6116
1876
3976
319
8589
4400
4079
6225
6733
3087
373
3801
9187
2121
6092
7359
8769
3837
4544
9490
9045
8806
7198
5462
2393
6503
1976
7365
6482
7886
1493
3966
8340
5333
7530
6658
3875
2348
4028
4939
3857
2764
7118
831
9098
5736
8974
1217
7683
6007
842
6659
104
5877
9900
146
7799
4296
6032
4109
6368
2863
1130
9948
1682
1585
4332
4442
9856
3450
4008
7477
270
3828
3508
4997
4552
121
4409
3212
8107
8614
9812
835
5042
1797
4771
3609
6892
4867
4611
1663
6486
7191
3858
7043
2690
1731
6549
4739
5246
3793
5765
7760
5506
8331
860
1579
1692
4433
1655
2651
1843
8615
6554
6045
9729
7910
5613
4147
5640
2586
6437
2990
9493
4428
7110
3722
8654
3746
1477
978
5536
7151
4175
6166
8046
7604
4026
2964
9138
8533
5077
4884
2998
5513
2328
1024
8788
306
4951
8107
4321
2959
7622
2449
7068
2516
6522
5081
4649
7456
2553
9495
455
7836
5789
4861
6911
7712
6097
6082
1610
6785
4218
6156
5361
7695
9393
3447
9272
7013
9465
2804
5558
101
5033
1109
3467
9976
4818
7947
4695
8870
21
3142
2928
9483
3641
7521
9813
7864
166
1639
9059
6058
2819
6321
574
4017
8875
8092
6103
6328
9209
471
2807
269
7252
6005
3650
2132
4944
6050
520
2749
9876
3683
5491
1470
49
7542
4967
9610
2828
1186
7644
8597
2465
7888
2071
9286
5082
1427
9895
3663
5606
6617
2616
1057
9236
4211
4417
5622
8329
2076
6738
4852
7477
2389
603
3775
9052
6464
4433
1393
9342
4361
4470
9526
5815
5160
4198
9274
4096
1829
9195
4180
2405
1034
8589
5454
7654
6037
5271
1328
4052
5578
1537
2123
9048
4470
6491
8564
8363
7622
7288
9156
617
1532
9750
7458
1747
1152
3364
623
2317
1910
8779
3798
1985
3797
5503
935
796
4824
6982
277
9824
1419
9902
7995
257
3564
3051
2188
789
3741
7181
2416
4637
7694
8497
2659
5605
4146
5188
7387
9286
8555
1809
6229
2283
4007
5461
2836
5109
2920
4510
3222
6710
5851
5016
4560
1459
5850
8918
8859
5212
1377
8884
5003
7359
5471
8674
1693
7165
2139
2505
2936
6741
1649
853
1972
1564
5916
3999
1881
2517
7429
8472
9913
7657
5858
2427
2094
643
8953
3710
3368
4761
7172
3337
4572
8780
5873
8161
1179
5771
6419
2663
2811
7824
1744
8822
9967
4652
6951
8573
7109
3869
6578
2877
6543
1789
5763
8613
2053
856
7019
933
5244
6868
3130
9140
2426
1621
4393
4726
7194
6644
6805
2999
2085
419
4413
5477
7824
7155
4407
7420
1199
3556
2249
3413
7307
1274
5794
5870
9414
8776
1780
3829
1326
1790
5791
6227
6732
1204
7854
5436
5515
3814
9938
5841
3387
7338
1009
4802
7660
1126
323
8387
6392
366
9998
8118
4390
2840
811
1493
1876
1872
9537
480
1789
2088
5115
7455
7495
5615
3794
2518
6292
9910
1415
6970
9538
3925
6332
4353
1055
1639
1926
9422
8494
7115
9388
1017
5249
4470
3388
8152
8522
652
3330
1130
7784
997
5791
7541
6245
4182
3750
6259
5310
943
4056
9602
5532
3066
7486
9555
5321
9657
7824
9796
4514
4217
8707
8730
716
5402
7955
7999
3589
4740
6507
3798
9924
8830
9379
7174
5031
8373
4030
9594
8143
4689
1483
9389
9016
2729
9081
7318
562
8937
1413
2136
3082
7921
2654
6212
9536
1252
474
5256
9877
3929
7111
4142
8641
6379
9593
1044
2850
8550
7707
6666
3550
8087
9328
6380
5791
2191
6183
2398
318
6415
6138
366
5459
8404
4012
1526
6956
1104
4043
7408
3155
377
1940
4714
812
90
6825
7616
4270
4257
6854
3791
7073
6233
9755
4646
5765
210
6530
9353
1434
5858
2618
3651
5227
3198
809
9942
9629
9261
4726
9034
5726
2286
4042
3665
3573
3365
4373
9987
272
8678
8346
5224
9905
8674
3111
1606
9353
7262
3755
7976
4753
1486
3203
899
3797
923
6595
8038
8578
7702
2641
4526
6808
9703
7490
2114
6212
8951
5017
4072
5671
3132
4937
2036
6923
7053
5044
3908
6287
644
3198
1740
3118
1402
6064
2447
8140
7741
1058
1748
5604
5736
995
3639
1912
533
8661
8704
9506
4082
9851
8997
4171
9766
2549
6859
7361
8118
9933
9283
6306
1423
9696
3065
3462
3572
3977
8652
7701
7284
5414
465
1572
339
2952
949
2439
9613
6557
4549
9320
1593
7549
7078
3310
826
7537
6700
779
3621
8108
9572
5798
6338
4544
5011
8806
1830
5076
7753
2179
911
6403
4537
3022
2288
2120
7449
2445
7099
1975
9496
3929
9367
7327
6378
382
3621
8662
3874
1755
9457
4635
4668
5418
1185
6798
5545
3731
2636
1999
7211
6279
1779
3111
2266
9005
8857
9523
8185
6159
406
6860
1526
7714
1739
2166
4668
1500
6009
3809
3147
4523
9611
5574
1913
4351
5257
1285
478
2085
4828
2876
178
7400
4945
2039
6470
2860
9466
1397
8484
3629
2652
8010
6211
5727
8399
2145
1820
42
9607
1889
9053
1570
4423
90
8831
6808
7214
7551
1684
3385
8655
3635
465
8753
9764
8120
6929
2023
5588
8686
3121
2534
5717
2270
2021
5855
7007
4677
3052
3602
1532
9247
7535
2029
1319
884
2575
8129
3703
902
8523
2530
3073
7662
6611
6732
4644
6097
5164
9250
451
8494
1857
4111
6122
3012
4478
3952
1305
8929
983
9452
371
1242
8929
5235
5362
6883
4257
5941
3060
9288
8802
4276
3840
2879
7198
3345
6624
4885
5295
3925
9113
1132
2441
1579
8454
5245
99
9277
3751
6354
9773
9274
9535
7746
7523
4837
9873
618
9521
1808
9625
8019
2763
3017
6893
7952
3574
5381
6895
8175
4811
5221
5927
9987
6149
201
1076
1570
4780
9029
7760
2116
8145
5598
1950
221
7347
6303
6761
57
7302
5061
7289
6449
3264
9876
8175
53
6786
1041
37
7201
4977
1143
4667
1551
3811
2552
9148
4529
279
8875
4117
9236
5783
4464
2251
4533
1427
992
4317
8965
5224
1402
8084
8119
6472
5065
3804
9472
1811
6411
6164
8339
2564
6592
2750
3253
7896
7407
3263
4171
237
978
975
287
3550
1116
5559
1075
777
130
3986
1381
4682
5710
7195
2718
9324
9366
9233
1223
1371
1596
2723
538
2645
9391
8293
9495
9019
1738
8538
6055
6334
6928
2878
5440
9653
155
3763
803
9007
9351
6445
8230
5773
7325
6477
1684
8422
1810
4332
2997
1604
457
1000
6634
1667
3261
7632
178
8433
975
8997
7957
8755
2118
7251
7418
8714
4657
3550
1023
3038
5392
5504
6246
4445
3311
9925
349
7834
7401
3150
7545
715
7127
1681
5439
9785
5960
2649
4396
2938
5908
3059
6429
5569
2956
3077
4799
6233
7799
3527
7602
7971
828
2523
5812
7864
161
3299
5972
5853
6098
3590
82
157
5684
9218
6068
2279
2651
8312
1450
7024
1188
2256
584
4907
1158
3316
6224
5816
7475
4425
714
8246
836
2583
4666
5872
9782
2753
2056
494
641
7960
4352
7590
768
7971
2078
3137
6187
1473
8857
9036
9894
4480
4188
412
9403
1139
7907
2653
5200
704
2573
6400
4557
8119
2919
3023
4978
1577
3762
264
4545
3894
7752
249
1888
7646
5647
9764
6079
5364
24
4670
6021
2927
4792
462
9941
8326
3709
6508
4132
7050
6949
6932
9203
4125
8743
1211
428
7289
8124
6793
4119
4198
7225
8782
2071
2555
1806
1807
6886
1362
8515
4479
9419
3545
7831
4748
5230
7811
6069
4558
165
3550
734
5874
866
5043
85
5159
4896
4014
3394
2863
7593
9596
5458
5475
7578
3400
9118
186
1749
1594
5878
195
6290
5728
3637
8883
5175
6603
754
5274
6249
4167
5979
7606
9932
2823
3025
8491
9711
5295
6099
5659
2520
2551
549
8643
5935
634
8828
3442
576
9016
1521
8885
1619
9285
9713
4180
4226
7363
4226
1383
6797
6714
5721
9678
7235
7177
1358
4593
9862
8965
997
4723
1626
9085
4955
1442
3777
1825
588
6138
4492
7555
2509
5563
8700
3075
1004
5385
4065
8818
4182
6205
6845
2162
9536
7658
9937
1978
5735
9907
8491
5318
6092
2965
2388
9087
1406
2408
181
9539
9391
5124
1916
4283
4948
2933
3605
7024
6846
5142
2770
3361
2208
9876
3117
4252
5445
5429
1940
7586
6143
9469
5847
2858
9085
8457
9553
55
1293
6455
2129
9389
7468
8458
2383
8302
2136
9987
5450
3710
791
3563
9589
9626
8868
7842
3876
8684
1541
3606
4558
5421
9634
9456
3355
3360
4034
8460
3339
4528
3506
3057
6224
5525
5820
8503
3413
2893
5464
4498
2613
1824
4106
7783
7044
9750
2964
7387
6244
3878
2920
6774
2360
8354
557
4875
9786
7903
2378
239
3214
5347
8260
5903
8510
7390
2539
3635
160
7878
5944
7017
1327
2003
1771
671
3307
1136
2913
4825
7298
110
3448
7509
5388
2119
1124
6528
8028
3453
7651
1602
7384
4811
3069
3706
8651
6834
6706
2974
3448
7024
2353
8836
6392
6991
7494
5241
5560
5994
6848
4508
5799
9415
2053
2273
2400
9093
1871
8284
773
240
3698
49
8725
2301
9868
3991
3370
6591
7105
5106
5631
1182
1250
9220
5961
767
359
6706
8924
4638
2192
7286
7732
1662
960
4039
8541
2160
5200
9191
2151
8037
8006
8785
7290
4356
4904
835
4524
3319
6129
4668
6511
6166
9962
7719
4972
318
3278
6107
5021
6953
3282
3480
6551
3862
3975
2123
9339
2340
5745
94
6508
2633
5500
3057
7304
5209
934
9807
1718
585
2943
9727
8674
2393
2104
3436
6973
7300
2379
9765
4854
3710
3092
7094
2348
1837
3998
9337
6694
4782
6767
4532
5892
254
8793
6378
7654
4572
6732
3300
7186
4844
12
9125
1067
1500
2256
1277
5864
3773
8567
136
9473
2667
3889
1622
4671
7391
4969
4954
4348
6921
175
4826
8769
2760
9009
6668
4194
7498
9115
5126
8339
1254
3976
6482
4094
2373
9258
8515
5497
5375
5562
242
8703
9249
3530
2652
9100
491
5437
8983
1128
8247
5393
6881
6300
8231
6089
4688
7225
2991
8076
1851
2805
9725
6396
4531
503
200
9558
4657
8995
669
6006
1666
1960
84
7572
6054
9764
3039
5586
3078
3858
1588
6580
1410
3446
9413
2152
3902
1350
6139
1067
7165
2241
1437
1585
5955
534
2973
4183
3653
1097
5211
4520
5138
9700
2544
6028
5409
8525
9632
3061
9813
3311
3605
1913
40
760
3550
3249
7576
6996
1906
5585
2766
2144
4038
1074
1702
2661
9209
4489
8017
9837
3687
3455
6430
9084
9020
6490
4635
7508
7420
4019
6009
4520
3286
3385
6763
8506
8506
9083
1080
7748
6870
8583
7281
792
5442
2292
4162
5495
5354
6314
9744
7301
9098
1936
5445
2316
4514
4217
8053
1832
7831
6384
9639
9303
2763
1298
8125
4474
5743
8936
5693
5759
6582
3442
8125
7459
6417
1808
6783
3468
345
7627
6075
5505
6037
6115
2226
2055
9965
6204
1385
3256
351
8938
5451
3789
5130
8147
3120
1203
4594
1647
1277
8003
2925
9444
2882
4634
2962
9924
7403
9157
8481
2977
5877
4274
3461
4111
50
4877
4815
1753
7126
6188
9777
3440
628
9671
8799
9193
1021
2791
7801
8594
3709
991
1157
5907
9675
5970
278
5464
6760
918
5493
4163
8997
4291
4258
8998
1067
8027
8204
4036
7312
868
4254
6716
6210
2770
7893
6935
2540
3578
147
1857
9334
1257
8027
6894
4081
4174
1592
8852
2968
1003
5800
7365
1162
5746
3229
7986
6748
4876
6477
3349
2229
4253
7864
1408
201
4045
4101
1005
616
4931
9315
2343
8026
8525
2845
1376
9069
8129
482
7553
2085
5598
5450
2952
478
7483
7225
4815
9341
4493
1995
4546
7422
4958
6718
4709
9590
9376
1412
1736
4835
7515
3509
6979
667
1958
8914
1642
1002
5910
5255
6632
8505
4495
3484
6559
3093
4021
8654
9049
5841
9661
5092
330
5352
8580
1195
617
4619
3017
6055
2181
103
1877
2373
8770
5761
7152
9043
7282
8364
3693
3453
5829
8841
1758
3379
284
2726
9919
3593
6267
6739
6840
8182
6075
576
3383
8774
3795
103
4654
31
8270
8384
7566
464
5159
4929
3348
7961
2199
523
2368
1936
5318
8991
9478
9481
9063
6741
4728
1385
8475
4952
4707
7914
3474
3504
1649
568
8901
3679
5978
674
3141
856
9090
2077
6820
5886
1213
8282
4583
9943
5444
5696
758
9650
7062
577
9235
4531
4367
7430
1911
1979
5619
590
7123
244
1583
9663
5024
8629
5760
7924
5151
9154
1095
6265
8475
1207
5053
9942
7279
7557
897
1002
4673
9432
8172
8592
1610
1219
6415
1974
3713
1174
4120
4980
5721
413
1591
1119
7939
309
6984
9094
9386
4506
9179
866
9558
6642
9154
1973
9108
1045
599
8353
185
498
7172
8991
8950
4204
5491
5264
7454
4506
3021
8760
313
8803
2890
8081
434
9860
2088
6860
8864
1429
9814
9216
1525
8929
8944
1913
6021
8138
8094
109
6398
9937
7122
4192
306
1268
2741
5112
2557
6599
8764
3516
3066
8713
6202
4209
3726
2022
1838
6038
8147
5030
6195
2709
3860
7893
4381
456
1118
7291
8157
6792
790
7738
